{
    "camera": {
        "id": "25191708",
        "params": {
            "intrinsics": {
                "type_id": "opencv-matrix",
                "rows": 3,
                "cols": 3,
                "dt": "d",
                "data": [ 4620.1450929143766, 0.0, 2659.3787485789217,
                    0.0, 4619.8311657995873, 1485.5979866753191, 0.0,
                    0.0, 1.0 ]
            },
            "distCoeffs": {
                "type_id": "opencv-matrix",
                "rows": 1,
                "cols": 5,
                "dt": "d",
                "data": [ -0.10478493483040541, 0.1850886838175991,
                    2.0109978716325062e-05, 0.00049831723411596237,
                    0.036924204921028721 ]
            }
        }
    },
    "otvec": {
        "type_id": "opencv-matrix",
        "rows": 3,
        "cols": 1,
        "dt": "d",
        "data": [ -0.42908385378016589, -0.17271414829122553,
            2.3303624453692273 ]
    },
    "orvec": {
        "type_id": "opencv-matrix",
        "rows": 3,
        "cols": 1,
        "dt": "d",
        "data": [ -0.0052044154740770402, -0.00021881293311692987,
            0.0027409744990106251 ]
    }
}
